[Camera State 9]
position = 539.188599, 212.758514, 498.106445

target = 499.706482, 180.663177, 494.634277

up = -0.626900, 0.777146, -0.055131

fov = 58.872276

